#! FIELDS time cv1 cv2 metad.bias metad.rbias
 0.005000 0.131064 3.374916 0.000000 0.000000
 0.010000 0.129718 3.363296 0.000000 0.000000
 0.015000 0.129563 3.316241 0.000000 0.000000
 0.020000 0.130471 3.319685 0.000000 0.000000
 0.025000 0.130887 3.326941 0.000000 0.000000
 0.030000 0.129674 3.365347 4.802846 4.802846
 0.035000 0.128837 3.326613 4.895625 4.895625
 0.040000 0.129668 3.201651 3.498546 3.498546
 0.045000 0.131604 3.096697 1.528763 1.528763
 0.050000 0.132581 3.040387 0.786685 0.786685
 0.055000 0.129906 3.056778 5.707517 5.707517
 0.060000 0.126035 3.075362 4.955640 4.955640
 0.065000 0.125905 2.949649 3.462957 3.462957
 0.070000 0.129834 2.857959 2.290962 2.290962
 0.075000 0.133379 2.778349 1.062070 1.062070
 0.080000 0.132919 2.799719 6.212630 6.212630
 0.085000 0.128958 2.816392 5.826761 5.826761
 0.090000 0.125278 2.740455 3.927467 3.927467
 0.095000 0.126606 2.702089 3.744610 3.744610
 0.100000 0.131613 2.615418 2.756045 2.756045
 0.105000 0.134846 2.668713 8.185816 8.185816
 0.110000 0.133678 2.734715 8.717071 8.717071
 0.115000 0.127762 2.747160 7.757316 7.757316
 0.120000 0.122198 2.751987 5.048989 5.048989
 0.125000 0.124766 2.665074 6.267758 6.267758
 0.130000 0.131392 2.711659 12.124132 12.124132
 0.135000 0.134932 2.708258 11.057118 11.057118
 0.140000 0.132768 2.731161 11.730159 11.730159
 0.145000 0.126690 2.715714 11.541628 11.541628
 0.150000 0.122862 2.632004 9.364325 9.364325
 0.155000 0.126634 2.618602 14.683019 14.683019
 0.160000 0.134016 2.558874 10.327777 10.327777
 0.165000 0.139486 2.544545 6.335320 6.335320
 0.170000 0.141214 2.494664 3.887073 3.887073
 0.175000 0.139169 2.403762 2.184059 2.184059
 0.180000 0.133968 2.339896 5.367341 5.367341
 0.185000 0.128200 2.240490 1.827325 1.827325
 0.190000 0.127081 2.293514 2.696102 2.696102
 0.195000 0.131899 2.258316 2.781781 2.781781
 0.200000 0.137981 2.270480 3.612944 3.612944
 0.205000 0.141602 2.228749 6.719242 6.719242
 0.210000 0.142300 2.148833 4.171070 4.171070
 0.215000 0.140281 2.162331 4.863041 4.863041
 0.220000 0.136268 2.100692 3.034603 3.034603
 0.225000 0.131576 2.148664 3.633957 3.633957
 0.230000 0.128246 2.080836 5.581300 5.581300
 0.235000 0.128115 2.084633 5.644505 5.644505
 0.240000 0.130340 2.139459 7.768637 7.768637
 0.245000 0.131996 2.149757 8.463005 8.463005
 0.250000 0.131790 2.253962 10.201350 10.201350
 0.255000 0.130038 2.211069 13.009697 10.831968
 0.260000 0.127383 2.215798 11.429895 9.252166
 0.265000 0.125087 2.210144 9.583207 7.405479
 0.270000 0.125648 2.224883 10.202449 8.024721
 0.275000 0.127990 2.326536 12.102598 9.924870
 0.280000 0.128842 2.324494 16.781577 14.603849
 0.285000 0.127425 2.373098 15.361529 13.183801
 0.290000 0.125322 2.334213 13.932250 11.754522
 0.295000 0.125216 2.373173 13.620308 11.442580
 0.300000 0.127319 2.493541 14.993315 12.815587
 0.305000 0.130186 2.657911 18.565306 16.387578
 0.310000 0.131975 2.856312 10.559464 8.381735
 0.315000 0.130732 2.872044 10.090593 7.912865
 0.320000 0.127458 2.928295 7.899643 5.721915
 0.325000 0.125704 2.884301 8.603005 6.425277
 0.330000 0.128206 2.976212 10.666712 8.488984
 0.335000 0.132940 3.096185 7.903284 5.725555
 0.340000 0.137320 3.171437 5.860772 3.683044
 0.345000 0.140090 3.230245 4.451778 2.274050
 0.350000 0.140612 3.173653 4.568540 2.390811
 0.355000 0.138814 3.230793 9.172303 6.994575
 0.360000 0.135302 3.234475 9.714962 7.537234
 0.365000 0.130651 3.308928 7.865307 5.687579
 0.370000 0.127899 3.394273 5.283542 3.105814
 0.375000 0.129716 3.483091 3.232136 1.054408
 0.380000 0.135088 3.631671 3.107912 0.930184
 0.385000 0.139138 3.756364 0.619651 -1.558078
 0.390000 0.138917 3.880114 0.084441 -2.093287
 0.395000 0.136127 3.977117 0.008087 -2.169641
 0.400000 0.132725 4.039144 0.000000 -2.177728
 0.405000 0.130064 4.059464 4.781574 2.603845
 0.410000 0.127406 4.103182 3.960282 1.782554
 0.415000 0.125663 4.087496 3.696747 1.519019
 0.420000 0.126714 4.075332 4.052002 1.874274
 0.425000 0.129989 3.993456 4.602564 2.424836
 0.430000 0.133914 3.906710 7.055309 4.877580
 0.435000 0.137059 3.776085 2.791636 0.613908
 0.440000 0.137568 3.659180 2.543449 0.365720
 0.445000 0.135523 3.614948 3.697810 1.520082
 0.450000 0.132432 3.609255 4.308246 2.130518
 0.455000 0.129481 3.645330 7.928426 5.750698
 0.460000 0.127706 3.683205 6.636384 4.458656
 0.465000 0.128317 3.674924 6.967217 4.789489
 0.470000 0.131164 3.657740 7.746444 5.568716
 0.475000 0.135780 3.589501 8.591503 6.413774
 0.480000 0.141137 3.558264 9.940706 7.762978
 0.485000 0.146130 3.524767 5.929629 3.751901
 0.490000 0.149561 3.475962 3.552674 1.374945
 0.495000 0.150483 3.468425 3.044496 0.866768
 0.500000 0.150324 3.486752 3.148069 0.970341
 0.505000 0.150752 3.582705 6.736840 1.075430
 0.510000 0.151195 3.650138 4.935493 -0.725917
 0.515000 0.150105 3.714472 3.725074 -1.936336
 0.520000 0.145856 3.742307 4.724691 -0.936719
 0.525000 0.138797 3.805129 6.293035 0.631625
 0.530000 0.130780 3.865541 10.667960 5.006550
 0.535000 0.125373 3.840172 7.785527 2.124117
 0.540000 0.127057 3.770781 8.998380 3.336970
 0.545000 0.133262 3.715356 12.873636 7.212226
 0.550000 0.138600 3.697944 12.854845 7.193435
 0.555000 0.142108 3.727925 14.266502 8.605092
 0.560000 0.144355 3.764328 11.631461 5.970051
 0.565000 0.145409 3.809750 9.638839 3.977428
 0.570000 0.144695 3.921046 7.635883 1.974473
 0.575000 0.141092 4.101500 5.871804 0.210394
 0.580000 0.135854 4.197925 7.598373 1.936963
 0.585000 0.130831 4.294724 2.917484 -2.743926
 0.590000 0.128145 4.253107 3.822480 -1.838930
 0.595000 0.128861 4.245386 4.289711 -1.371700
 0.600000 0.131696 4.260245 4.289181 -1.372229
 0.605000 0.135546 4.297133 7.448395 1.786984
 0.610000 0.138991 4.365858 4.218510 -1.442901
 0.615000 0.140224 4.516366 0.849807 -4.811603
 0.620000 0.140015 4.587152 0.313032 -5.348378
 0.625000 0.139451 4.659793 0.090404 -5.571006
 0.630000 0.138997 4.610391 4.954119 -0.707291
 0.635000 0.137519 4.505085 4.037639 -1.623771
 0.640000 0.132946 4.515417 3.706058 -1.955352
 0.645000 0.128666 4.470985 3.083091 -2.578319
 0.650000 0.128783 4.437977 3.481851 -2.179559
 0.655000 0.132852 4.243785 11.704422 6.043011
 0.660000 0.136933 4.064684 14.892161 9.230750
 0.665000 0.137623 4.007668 14.718136 9.056726
 0.670000 0.134280 4.097941 14.993791 9.332380
 0.675000 0.130067 4.311887 10.133043 4.471632
 0.680000 0.128481 4.439722 11.009855 5.348445
 0.685000 0.129654 4.519452 8.733475 3.072065
 0.690000 0.131186 4.516243 9.044183 3.382772
 0.695000 0.130023 4.608635 6.352696 0.691286
 0.700000 0.127730 4.671575 4.203294 -1.458116
 0.705000 0.129295 4.646172 9.795681 4.134271
 0.710000 0.134168 4.583331 10.737004 5.075594
 0.715000 0.139037 4.339535 10.812874 5.151464
 0.720000 0.140621 4.259337 11.120918 5.459508
 0.725000 0.137033 4.144689 15.364543 9.703133
 0.730000 0.131642 4.103886 19.345759 13.684348
 0.735000 0.127496 4.117062 16.418736 10.757326
 0.740000 0.127190 4.103605 16.035697 10.374287
 0.745000 0.129724 4.174278 18.219761 12.558351
 0.750000 0.130393 4.088976 18.547145 12.885735
 0.755000 0.129847 4.062499 21.439295 13.622914
 0.760000 0.130009 3.958705 17.913889 10.097508
 0.765000 0.131734 3.781318 14.856283 7.039902
 0.770000 0.134397 3.790331 15.801279 7.984898
 0.775000 0.134697 3.629405 18.564807 10.748425
 0.780000 0.131366 3.541423 20.396010 12.579629
 0.785000 0.127966 3.326720 11.564157 3.747776
 0.790000 0.128569 3.143981 9.693780 1.877398
 0.795000 0.133145 3.072763 11.197053 3.380672
 0.800000 0.138745 2.990147 9.670027 1.853646
 0.805000 0.141791 3.035470 12.155941 4.339560
 0.810000 0.142881 2.982969 11.018260 3.201879
 0.815000 0.144431 2.979166 9.711047 1.894666
 0.820000 0.146783 2.949650 7.404756 -0.411626
 0.825000 0.149095 2.940945 5.521066 -2.295315
 0.830000 0.148856 2.958025 10.420753 2.604371
 0.835000 0.144840 2.868444 11.641070 3.824688
 0.840000 0.139621 2.833600 14.465077 6.648696
 0.845000 0.135686 2.785549 16.605518 8.789136
 0.850000 0.133568 2.834541 17.474739 9.658358
 0.855000 0.131196 2.917671 19.936206 12.119825
 0.860000 0.126963 2.935642 16.898833 9.082452
 0.865000 0.124889 3.052746 11.205686 3.389305
 0.870000 0.129002 3.129225 12.398466 4.582084
 0.875000 0.136596 3.361789 14.275131 6.458750
 0.880000 0.144500 3.553233 17.130213 9.313831
 0.885000 0.150463 3.656415 9.676436 1.860055
 0.890000 0.152845 3.735663 6.022908 -1.793473
 0.895000 0.153241 3.786125 4.958869 -2.857513
 0.900000 0.153088 3.943740 4.313186 -3.503195
 0.905000 0.153061 4.074557 8.121501 0.305119
 0.910000 0.153678 4.197598 4.919926 -2.896455
 0.915000 0.153672 4.233587 4.087273 -3.729108
 0.920000 0.152997 4.259375 3.911935 -3.904447
 0.925000 0.152333 4.262920 4.231068 -3.585313
 0.930000 0.151847 4.271328 8.985025 1.168643
 0.935000 0.150760 4.342681 7.512405 -0.303976
 0.940000 0.147323 4.342850 9.325913 1.509532
 0.945000 0.140836 4.364255 12.554320 4.737938
 0.950000 0.132823 4.333792 17.384324 9.567943
 0.955000 0.125826 4.415060 15.056513 7.240131
 0.960000 0.122909 4.546494 9.274674 1.458292
 0.965000 0.126367 4.597178 10.247601 2.431220
 0.970000 0.131834 4.612606 11.339811 3.523429
 0.975000 0.135156 4.533212 12.633445 4.817064
 0.980000 0.137408 4.521248 15.905682 8.089300
 0.985000 0.140570 4.529369 13.483251 5.666869
 0.990000 0.143904 4.480442 11.256348 3.439967
 0.995000 0.145344 4.435575 10.757561 2.941180
 1.000000 0.142875 4.376073 14.663614 6.847233
 1.005000 0.137624 4.424312 21.280815 9.784346
 1.010000 0.132014 4.553266 17.568015 6.071546
 1.015000 0.128076 4.691027 10.656743 -0.839725
 1.020000 0.128246 4.838550 4.331960 -7.164509
 1.025000 0.131327 4.936181 1.667099 -9.829370
 1.030000 0.133406 4.926441 6.659384 -4.837084
 1.035000 0.133601 4.954080 6.040867 -5.455601
 1.040000 0.132962 4.939439 6.418104 -5.078364
 1.045000 0.133069 4.916696 6.898004 -4.598465
 1.050000 0.134080 4.903541 7.072134 -4.424335
 1.055000 0.134246 4.809352 12.991712 1.495244
 1.060000 0.132198 4.775037 13.441758 1.945290
 1.065000 0.128629 4.758793 12.547751 1.051282
 1.070000 0.126254 4.714627 11.722647 0.226178
 1.075000 0.128114 4.704669 13.022021 1.525553
 1.080000 0.133430 4.548810 20.376024 8.879555
 1.085000 0.138340 4.517599 18.937929 7.441461
 1.090000 0.142268 4.448822 17.211472 5.715004
 1.095000 0.147165 4.439514 12.486789 0.990321
 1.100000 0.152716 4.429166 7.752270 -3.744199
 1.105000 0.157810 4.309555 9.258960 -2.237508
 1.110000 0.161586 4.285423 6.195798 -5.300670
 1.115000 0.162334 4.172817 4.825176 -6.671293
 1.120000 0.160329 4.186628 6.263510 -5.232959
 1.125000 0.158480 4.144698 7.194351 -4.302117
 1.130000 0.159465 4.007786 8.681482 -2.814986
 1.135000 0.164054 3.831651 2.861004 -8.635464
 1.140000 0.170341 3.623620 0.536306 -10.960162
 1.145000 0.174951 3.558763 0.201808 -11.294661
 1.150000 0.179036 3.563456 0.058462 -11.438006
 1.155000 0.184409 3.579934 4.298306 -7.198162
 1.160000 0.191725 3.511717 2.098556 -9.397912
 1.165000 0.199201 3.381925 0.305378 -11.191090
 1.170000 0.203126 3.327499 0.070112 -11.426356
 1.175000 0.204158 3.350952 0.068509 -11.427960
 1.180000 0.207849 3.415338 4.292173 -7.204295
 1.185000 0.216688 3.453477 1.797433 -9.699036
 1.190000 0.228342 3.435977 0.219198 -11.277270
 1.195000 0.237120 3.353055 0.012220 -11.484249
 1.200000 0.241129 3.387464 0.000000 -11.496468
 1.205000 0.244457 3.396737 4.721039 -6.775429
 1.210000 0.249536 3.435998 3.329265 -8.167203
 1.215000 0.256498 3.407712 1.514213 -9.982255
 1.220000 0.261673 3.265983 0.427797 -11.068671
 1.225000 0.262395 3.283285 0.400598 -11.095870
 1.230000 0.262533 3.243131 5.100550 -6.395919
 1.235000 0.266155 3.288243 4.790490 -6.705979
 1.240000 0.273894 3.227007 2.387891 -9.108577
 1.245000 0.281126 3.078864 0.330568 -11.165900
 1.250000 0.282687 3.088373 0.263348 -11.233120
 1.255000 0.280215 2.962660 3.489178 -8.663928
 1.260000 0.278618 2.996989 4.010415 -8.142692
 1.265000 0.280730 2.935363 2.951937 -9.201170
 1.270000 0.284141 2.806766 0.837526 -11.315580
 1.275000 0.283579 2.749411 0.377023 -11.776084
 1.280000 0.279178 2.625260 3.228827 -8.924280
 1.285000 0.275304 2.683787 3.292941 -8.860166
 1.290000 0.273617 2.657111 2.541786 -9.611320
 1.295000 0.271712 2.608604 1.581836 -10.571271
 1.300000 0.265079 2.519041 0.266913 -11.886194
 1.305000 0.253634 2.387887 1.758004 -10.395103
 1.310000 0.243087 2.408842 0.329556 -11.823551
 1.315000 0.237436 2.404738 0.072121 -12.080986
 1.320000 0.234599 2.452838 0.033828 -12.119278
 1.325000 0.228813 2.400703 0.000000 -12.153107
 1.330000 0.217509 2.347115 2.471323 -9.681784
 1.335000 0.205135 2.349056 0.276501 -11.876606
 1.340000 0.197895 2.315505 0.026132 -12.126974
 1.345000 0.197326 2.371444 0.024904 -12.128203
 1.350000 0.198119 2.312243 0.028218 -12.124889
 1.355000 0.197522 2.307464 5.007331 -7.145776
 1.360000 0.200445 2.303713 4.919181 -7.233926
 1.365000 0.208953 2.288148 3.255294 -8.897813
 1.370000 0.220281 2.341849 3.625357 -8.527749
 1.375000 0.228694 2.313234 4.253465 -7.899641
 1.380000 0.232009 2.339597 8.718499 -3.434607
 1.385000 0.234331 2.334914 7.839229 -4.313878
 1.390000 0.238632 2.353830 5.744922 -6.408185
 1.395000 0.244851 2.445217 2.726301 -9.426806
 1.400000 0.248490 2.503629 2.089321 -10.063786
 1.405000 0.246271 2.600096 5.146938 -7.006168
 1.410000 0.241212 2.684042 2.411799 -9.741307
 1.415000 0.239083 2.769240 0.824066 -11.329040
 1.420000 0.242151 2.941757 0.134980 -12.018126
 1.425000 0.245768 3.067224 0.883942 -11.269164
 1.430000 0.244225 3.179690 6.235798 -5.917309
 1.435000 0.241822 3.170335 5.781451 -6.371656
 1.440000 0.244454 3.135556 6.152650 -6.000457
 1.445000 0.250638 3.208581 6.563276 -5.589830
 1.450000 0.253805 3.352192 5.844878 -6.308229
 1.455000 0.250002 3.560971 3.734167 -8.418940
 1.460000 0.242519 3.652907 1.363834 -10.789273
 1.465000 0.236165 3.656491 0.990610 -11.162496
 1.470000 0.231169 3.660236 0.613897 -11.539210
 1.475000 0.224131 3.762126 0.048775 -12.104331
 1.480000 0.212962 3.927106 1.455390 -10.697716
 1.485000 0.200900 4.040237 0.050746 -12.102361
 1.490000 0.192950 3.944560 0.074563 -12.078544
 1.495000 0.189604 3.802366 0.807644 -11.345463
 1.500000 0.189587 3.747149 1.391840 -10.761266
 1.505000 0.192156 3.809571 4.906532 -7.246024
 1.510000 0.196808 3.934712 1.806861 -10.345695
 1.515000 0.203819 3.930666 1.162453 -10.990103
 1.520000 0.212599 3.910087 1.755610 -10.396946
 1.525000 0.222374 3.878344 3.647200 -8.505356
 1.530000 0.230168 3.988465 3.974612 -8.177945
 1.535000 0.233126 4.197300 0.306658 -11.845898
 1.540000 0.231413 4.289001 0.064915 -12.087641
 1.545000 0.228183 4.251275 0.184924 -11.967632
 1.550000 0.225485 4.094497 1.997266 -10.155290
 1.555000 0.221227 4.044550 7.508501 -4.644055
 1.560000 0.209359 4.095893 2.176176 -9.976381
 1.565000 0.194817 4.114958 0.257128 -11.895428
 1.570000 0.188907 3.961501 1.848771 -10.303786
 1.575000 0.194012 3.686325 5.536089 -6.616467
 1.580000 0.202894 3.467347 5.361015 -6.791542
 1.585000 0.205337 3.393741 5.295687 -6.856870
 1.590000 0.203028 3.443036 5.402165 -6.750391
 1.595000 0.205141 3.435362 5.174732 -6.977824
 1.600000 0.214477 3.337265 3.118424 -9.034132
 1.605000 0.227590 3.169026 2.695856 -9.456700
 1.610000 0.236797 3.054586 3.905944 -8.246612
 1.615000 0.238578 3.071942 4.705332 -7.447225
 1.620000 0.240079 3.100840 5.534140 -6.618416
 1.625000 0.242461 3.101117 6.253677 -5.898880
 1.630000 0.245343 2.986372 7.920886 -4.231670
 1.635000 0.245439 2.831717 2.779999 -9.372557
 1.640000 0.237340 2.765514 1.534427 -10.618129
 1.645000 0.226227 2.760685 0.554838 -11.597719
 1.650000 0.220289 2.806559 0.168317 -11.984240
 1.655000 0.223853 2.775953 4.953932 -7.198625
 1.660000 0.229895 2.695757 3.737250 -8.415306
 1.665000 0.228481 2.632261 4.250321 -7.902236
 1.670000 0.223148 2.556305 4.954257 -7.198299
 1.675000 0.220164 2.500887 5.107170 -7.045386
 1.680000 0.220426 2.475083 10.201909 -1.950647
 1.685000 0.219530 2.508670 9.334707 -2.817849
 1.690000 0.212760 2.608571 5.191822 -6.960735
 1.695000 0.202480 2.726596 1.275483 -10.877074
 1.700000 0.193476 2.820250 0.136516 -12.016041
 1.705000 0.187561 2.874694 3.930800 -8.221756
 1.710000 0.183008 2.864964 2.758543 -9.394013
 1.715000 0.176899 2.883196 1.229000 -10.923556
 1.720000 0.170377 2.906279 0.756308 -11.396248
 1.725000 0.166495 2.944484 1.210149 -10.942408
 1.730000 0.165066 2.941139 6.382274 -5.770283
 1.735000 0.165691 2.853877 5.232717 -6.919839
 1.740000 0.168104 2.775442 3.156100 -8.996456
 1.745000 0.171227 2.672933 1.163825 -10.988731
 1.750000 0.175560 2.655939 1.076317 -11.076239
 1.755000 0.182235 2.668357 5.823377 -6.336215
 1.760000 0.192948 2.661599 4.334775 -7.824817
 1.765000 0.205862 2.657358 3.678092 -8.481500
 1.770000 0.216122 2.586554 6.861745 -5.297847
 1.775000 0.225285 2.566035 8.793042 -3.366550
 1.780000 0.238169 2.581942 7.695987 -4.463604
 1.785000 0.255312 2.615913 5.557996 -6.601596
 1.790000 0.271207 2.584092 5.313928 -6.845663
 1.795000 0.281175 2.497040 2.520652 -9.638940
 1.800000 0.289514 2.419098 0.552008 -11.607584
 1.805000 0.300438 2.370528 2.623900 -9.535691
 1.810000 0.314052 2.358450 0.215746 -11.943845
 1.815000 0.324786 2.333273 0.000000 -12.159592
 1.820000 0.330452 2.337271 0.000000 -12.159592
 1.825000 0.335948 2.373733 0.000000 -12.159592
 1.830000 0.343515 2.314574 3.471265 -8.688327
 1.835000 0.352257 2.271512 1.040846 -11.118745
 1.840000 0.358407 2.234078 0.251117 -11.908474
 1.845000 0.362450 2.225651 0.082172 -12.077420
 1.850000 0.366342 2.206936 0.016944 -12.142647
 1.855000 0.370702 2.160990 4.335726 -7.823865
 1.860000 0.375980 2.210172 3.137462 -9.022130
 1.865000 0.382515 2.280084 1.192782 -10.966810
 1.870000 0.389510 2.373655 0.174789 -11.984803
 1.875000 0.394699 2.285869 0.068582 -12.091009
 1.880000 0.398028 2.115544 2.492715 -9.666876
 1.885000 0.401430 2.013615 0.758718 -11.400874
 1.890000 0.405995 2.001551 0.428965 -11.730627
 1.895000 0.409795 1.953388 0.127623 -12.031969
 1.900000 0.410685 1.787867 0.000000 -12.159592
 1.905000 0.408685 1.587662 2.005417 -10.154175
 1.910000 0.405956 1.505011 0.747348 -11.412244
 1.915000 0.403407 1.561351 1.219504 -10.940087
 1.920000 0.399081 1.639441 1.556378 -10.603214
 1.925000 0.393090 1.633562 0.618158 -11.541433
 1.930000 0.385939 1.578870 3.662018 -8.497573
 1.935000 0.377251 1.575720 1.303100 -10.856491
 1.940000 0.366641 1.644509 0.140085 -12.019507
 1.945000 0.357609 1.680202 0.000284 -12.159307
 1.950000 0.352511 1.639115 0.000000 -12.159592
 1.955000 0.348470 1.564285 4.067080 -8.092512
 1.960000 0.339518 1.549180 1.789932 -10.369660
 1.965000 0.329019 1.584391 0.287169 -11.872423
 1.970000 0.324581 1.548159 0.074686 -12.084905
 1.975000 0.325855 1.519126 0.094539 -12.065053
 1.980000 0.324941 1.556043 4.909031 -7.250561
 1.985000 0.315963 1.636824 2.244283 -9.915309
 1.990000 0.307547 1.659310 0.595193 -11.564399
 1.995000 0.306055 1.609604 0.577617 -11.581974
 2.000000 0.309256 1.557322 1.211514 -10.948078
 2.005000 0.308388 1.552408 5.930531 -6.231882
 2.010000 0.302530 1.611022 3.926199 -8.236215
 2.015000 0.297882 1.640102 2.260976 -9.901437
 2.020000 0.296051 1.637268 1.805222 -10.357191
 2.025000 0.294759 1.573382 1.724866 -10.437547
 2.030000 0.290398 1.536698 5.098055 -7.064358
 2.035000 0.284253 1.517656 2.805402 -9.357012
 2.040000 0.278669 1.438803 0.906398 -11.256015
 2.045000 0.274324 1.372186 0.235995 -11.926418
 2.050000 0.270914 1.317171 0.056536 -12.105877
 2.055000 0.267797 1.353081 4.657438 -7.504975
 2.060000 0.265403 1.443600 3.040128 -9.122286
 2.065000 0.263836 1.497249 1.912028 -10.250385
 2.070000 0.262989 1.534989 1.285122 -10.877291
 2.075000 0.263213 1.568722 0.926372 -11.236041
 2.080000 0.264763 1.637827 4.825582 -7.336831
 2.085000 0.267779 1.784175 1.640689 -10.521724
 2.090000 0.269731 1.872002 0.526957 -11.635457
 2.095000 0.269718 1.902399 0.336409 -11.826004
 2.100000 0.269258 1.941161 0.179052 -11.983361
 2.105000 0.270999 1.987695 4.747168 -7.415245
 2.110000 0.273035 2.079622 3.157578 -9.004835
 2.115000 0.273547 2.150166 2.147784 -10.014629
 2.120000 0.272495 2.139604 2.310991 -9.851422
 2.125000 0.273125 2.174321 1.967252 -10.195162
 2.130000 0.274763 2.154007 6.782695 -5.379718
 2.135000 0.275691 2.125918 6.690585 -5.471828
 2.140000 0.277674 2.102350 6.137868 -6.024545
 2.145000 0.281894 2.030155 4.076151 -8.086262
 2.150000 0.285865 2.004144 2.399116 -9.763298
 2.155000 0.288065 1.896564 5.121641 -7.040772
 2.160000 0.291484 1.762366 3.816198 -8.346215
 2.165000 0.295979 1.649125 6.147113 -6.015300
 2.170000 0.299154 1.557342 7.480361 -4.682052
 2.175000 0.297667 1.537296 7.134203 -5.028210
 2.180000 0.294662 1.498578 10.135809 -2.026604
 2.185000 0.292182 1.461584 8.212089 -3.950324
 2.190000 0.289873 1.414227 5.989487 -6.172926
 2.195000 0.284460 1.381045 4.470131 -7.692282
 2.200000 0.275454 1.398188 5.714348 -6.448065
 2.205000 0.267037 1.382565 9.546911 -2.615502
 2.210000 0.262024 1.293032 5.649878 -6.512535
 2.215000 0.258324 1.203865 2.356276 -9.806137
 2.220000 0.251970 1.159335 0.594855 -11.567558
 2.225000 0.242445 1.163051 0.046867 -12.115546
 2.230000 0.236900 1.177194 4.263956 -7.898457
 2.235000 0.236812 1.189718 4.195436 -7.966977
 2.240000 0.239319 1.223967 4.409196 -7.753217
 2.245000 0.237050 1.294936 2.958028 -9.204385
 2.250000 0.231111 1.359222 1.111181 -11.051233
 2.255000 0.227447 1.414732 4.672725 -7.491457
 2.260000 0.229438 1.400941 5.256983 -6.907199
 2.265000 0.233819 1.381029 5.892621 -6.271561
 2.270000 0.235737 1.345634 6.315966 -5.848216
 2.275000 0.238803 1.373332 5.491616 -6.672567
 2.280000 0.246746 1.408709 6.769942 -5.394241
 2.285000 0.258203 1.398149 6.412015 -5.752168
 2.290000 0.268858 1.385500 10.218308 -1.945874
 2.295000 0.279014 1.334569 8.577653 -3.586530
 2.300000 0.290378 1.352669 5.571457 -6.592726
 2.305000 0.300542 1.269457 4.443224 -7.720959
 2.310000 0.309007 1.160214 0.663243 -11.500939
 2.315000 0.318286 1.109326 0.125173 -12.039010
 2.320000 0.331304 1.138760 0.163595 -12.000588
 2.325000 0.343968 1.218400 0.178709 -11.985474
 2.330000 0.352883 1.253143 3.448661 -8.715521
 2.335000 0.360136 1.228940 1.418217 -10.745966
 2.340000 0.370540 1.243014 0.158468 -12.005715
 2.345000 0.382100 1.261245 0.114925 -12.049258
 2.350000 0.390146 1.266094 0.226638 -11.937544
 2.355000 0.394102 1.268567 4.850721 -7.313462
 2.360000 0.396055 1.283795 4.456178 -7.708005
 2.365000 0.397346 1.302714 4.118462 -8.045721
 2.370000 0.400338 1.356932 3.186314 -8.977869
 2.375000 0.406990 1.435573 1.695426 -10.468757
 2.380000 0.412947 1.468594 4.975166 -7.189017
 2.385000 0.415538 1.524513 4.101286 -8.062897
 2.390000 0.416619 1.563438 3.763519 -8.400664
 2.395000 0.421523 1.672954 2.616118 -9.548064
 2.400000 0.426116 1.736567 1.529128 -10.635055
 2.405000 0.426348 1.729802 6.327121 -5.837062
 2.410000 0.421945 1.737818 7.221453 -4.942729
 2.415000 0.417953 1.756371 7.626528 -4.537655
 2.420000 0.415183 1.806694 7.247137 -4.917045
 2.425000 0.410464 1.835372 6.461178 -5.703005
 2.430000 0.405219 1.837390 9.496583 -2.667600
 2.435000 0.401313 1.830337 7.853509 -4.310673
 2.440000 0.396889 1.897358 4.285899 -7.878284
 2.445000 0.388484 2.004032 1.407310 -10.756872
 2.450000 0.381482 2.045229 1.520188 -10.643995
 2.455000 0.380640 1.983795 5.465109 -6.699074
 2.460000 0.382120 1.872149 3.545744 -8.618438
 2.465000 0.378357 1.779953 2.165019 -9.999164
 2.470000 0.372458 1.679734 1.375632 -10.788551
 2.475000 0.371089 1.516912 1.144954 -11.019228
 2.480000 0.373717 1.362680 4.093683 -8.070500
 2.485000 0.376127 1.280698 3.197301 -8.966882
 2.490000 0.376542 1.273837 3.192498 -8.971685
 2.495000 0.376849 1.288524 3.451534 -8.712649
 2.500000 0.375761 1.272760 3.015033 -9.149150
