#! FIELDS time cv1 cv2 sigma_cv1 sigma_cv2 height biasf
#! SET multivariate false
#! SET kerneltype stretched-gaussian
                  0.025     0.1308874660353203       3.32694090438944                   0.01                   0.15      5.208333333333334                     25
                   0.05     0.1325808539165311      3.040387273550276                   0.01                   0.15      5.140337484659318                     25
                  0.075      0.133379136276544      2.778348887885917                   0.01                   0.15      5.116745386116588                     25
                    0.1     0.1316126290556484      2.615417777908572                   0.01                   0.15      4.973986150614168                     25
                  0.125     0.1247663210017639      2.665074439919649                   0.01                   0.15      4.690598450319547                     25
                   0.15     0.1228618198117818      2.632004046141295                   0.01                   0.15       4.45413815235755                     25
                  0.175     0.1391694580156667      2.403762430044666                   0.01                   0.15      5.021739115666254                     25
                    0.2     0.1379808424463586      2.270479558244461                   0.01                   0.15      4.903295335535121                     25
                  0.225     0.1315755041987125       2.14866410504616                   0.01                   0.15      4.901574557262989                     25
                   0.25     0.1317904977875529      2.253962454952545                   0.01                   0.15      4.392293437976392                     25
                  0.275      0.127989637738795      2.326536193854414                   0.01                   0.15      4.254988731306782                     25
                    0.3     0.1273188063748129      2.493540620786237                   0.01                   0.15      4.054405831759944                     25
                  0.325     0.1257044914319511       2.88430068003302                   0.01                   0.15      4.511145240461232                     25
                   0.35     0.1406117616850979      3.173652834866586                   0.01                   0.15       4.82564671535224                     25
                  0.375     0.1297158867694292       3.48309103306223                   0.01                   0.15      4.934585660428487                     25
                    0.4     0.1327249615499362      4.039144133221107                   0.01                   0.15      5.208333333333334                     25
                  0.425     0.1299890468708156      3.993456251050442                   0.01                   0.15      4.822904806499863                     25
                   0.45     0.1324315199738803      3.609254702042561                   0.01                   0.15      4.846674631745732                     25
                  0.475     0.1357804252124978      3.589500628491962                   0.01                   0.15      4.512012109336361                     25
                    0.5     0.1503238677426828      3.486752353039305                   0.01                   0.15      4.941520159641688                     25
                  0.525     0.1387965977723012      3.805128895117516                   0.01                   0.15      4.688618283205193                     25
                   0.55     0.1386000665947556      3.697944301947297                   0.01                   0.15      4.201855506428974                     25
     0.5750000000000001      0.141092237580577      4.101499513483368                   0.01                   0.15      4.721725884572675                     25
                    0.6     0.1316957444065344      4.260244528859086                   0.01                   0.15      4.848218434252415                     25
                  0.625     0.1394510867157085      4.659792896187089                   0.01                   0.15      5.200473887480208                     25
                   0.65     0.1287834543149247      4.437976621439454                   0.01                   0.15      4.914044537081261                     25
                  0.675     0.1300670318922262      4.311886706938743                   0.01                   0.15      4.397308058504199                     25
     0.7000000000000001     0.1277297154183842      4.671575216115773                   0.01                   0.15      4.855179133775949                     25
                  0.725     0.1370332539423893      4.144689406510938                   0.01                   0.15      4.029341565613677                     25
                   0.75     0.1303925169837556      4.088976347090094                   0.01                   0.15      3.820721272595739                     25
                  0.775     0.1346972541810008      3.629405143558247                   0.01                   0.15      3.819594219865548                     25
                    0.8     0.1387445087347759       2.99014744779301                   0.01                   0.15      4.431450616541899                     25
     0.8250000000000001     0.1490951713229463      2.940945493781293                   0.01                   0.15      4.749471204164418                     25
                   0.85     0.1335677262349012      2.834541475713594                   0.01                   0.15      3.889782418921014                     25
                  0.875     0.1365955575187685      3.361789378957508                   0.01                   0.15      4.103339074328842                     25
                    0.9     0.1530878438755927      3.943739620125212                   0.01                   0.15      4.846274724677412                     25
                  0.925     0.1523326841052029       4.26292019630876                   0.01                   0.15      4.852927085063447                     25
     0.9500000000000001     0.1328230640101682      4.333791828026737                   0.01                   0.15      3.895661704408095                     25
                  0.975      0.135156113030305      4.533212110628618                   0.01                   0.15      4.217424287653119                     25
                      1     0.1428753285411694      4.376073016893328                   0.01                   0.15      4.076797016876857                     25
                  1.025     0.1313270063222461      4.936180767062874                   0.01                   0.15      5.065292391813381                     25
                   1.05     0.1340795140920599      4.903540502072035                   0.01                   0.15      4.627993863968351                     25
                  1.075     0.1281140291226383      4.704668622138559                   0.01                   0.15      4.190137788054755                     25
                    1.1     0.1527164002573331       4.42916578039994                   0.01                   0.15      4.575711269897347                     25
                  1.125     0.1584795571353375      4.144698426018124                   0.01                   0.15      4.618555078171702                     25
                   1.15     0.1790355354183759      3.563456479115653                   0.01                   0.15      5.203249433955958                     25
                  1.175      0.204158301775697      3.350951924642375                   0.01                   0.15      5.202376303061547                     25
                    1.2     0.2411292689836022       3.38746359188476                   0.01                   0.15      5.208333333333334                     25
                  1.225     0.2623949346320834      3.283285288202979                   0.01                   0.15      5.173596631839255                     25
                   1.25     0.2826873759088064      3.088372570491408                   0.01                   0.15      5.185471710408372                     25
                  1.275     0.2835792687968506      2.749411110971067                   0.01                   0.15      5.175634426253083                     25
                    1.3     0.2650793738500624      2.519041150806031                   0.01                   0.15      5.185162897890694                     25
                  1.325     0.2288128684338558      2.400702974547551                   0.01                   0.15      5.208333333333334                     25
                   1.35     0.1981190722755155      2.312243157769763                   0.01                   0.15      5.205878911153577                     25
                  1.375     0.2286935848223559      2.313233845626673                   0.01                   0.15      4.851111802582783                     25
                    1.4     0.2484896962532496      2.503628838906361                   0.01                   0.15      5.029692564074649                     25
                  1.425     0.2457681952101157      3.067224205569132                   0.01                   0.15      5.131993058456484                     25
                   1.45     0.2538048093742787       3.35219219600962                   0.01                   0.15      4.723850154754232                     25
                  1.475      0.224131359170951      3.762125975113044                   0.01                   0.15      5.204091496361323                     25
                    1.5     0.1895868738103725      3.747149251881434                   0.01                   0.15      5.088636490270004                     25
                  1.525     0.2223741311978814      3.878343660598733                   0.01                   0.15      4.900490333872982                     25
                   1.55     0.2254850903424002      4.094496591047498                   0.01                   0.15      5.037432796510878                     25
                  1.575     0.1940120314119367      3.686325362498379                   0.01                   0.15       4.74827945863051                     25
                    1.6     0.2144768312139137      3.337264658960079                   0.01                   0.15      4.943967798533167                     25
                  1.625     0.2424608001803543       3.10111668745937                   0.01                   0.15      4.691701923396674                     25
                   1.65     0.2202885134660328      2.806559213254825                   0.01                   0.15      5.193709903562622                     25
                  1.675     0.2201643003413603      2.500886954832303                   0.01                   0.15      4.782422448926921                     25
                    1.7     0.1934758494489086      2.820249911409258                   0.01                   0.15      5.196469650164726                     25
                  1.725     0.1664946163711116      2.944484337575863                   0.01                   0.15      5.104104321755088                     25
                   1.75      0.175559810812259      2.655938509526176                   0.01                   0.15      5.115527754805928                     25
                  1.775     0.2252850638868502      2.566035028774008                   0.01                   0.15      4.496847469942205                     25
                    1.8     0.2895142919169648      2.419098451174461                   0.01                   0.15      5.160527997423294                     25
                  1.825     0.3359481132367688      2.373732933233755                   0.01                   0.15      5.208333333333334                     25
                   1.85     0.3663424372113955       2.20693605641747                   0.01                   0.15      5.206859333982055                     25
                  1.875     0.3946987178540067      2.285868914494748                   0.01                   0.15      5.202369913571159                     25
                    1.9     0.4106845390858924       1.78786718671308                   0.01                   0.15      5.208333333333334                     25
                  1.925     0.3930904179378292      1.633562318732718                   0.01                   0.15        5.1548286771418                     25
                   1.95     0.3525108494348019      1.639115024982664                   0.01                   0.15      5.208333333333334                     25
                  1.975     0.3258547237204563      1.519125562598421                   0.01                   0.15      5.200114679174136                     25
                      2     0.3092561093889664      1.557322318267439                   0.01                   0.15      5.103987914143213                     25
                  2.025     0.2947592188131082      1.573381819297257                   0.01                   0.15      5.060406870553882                     25
                   2.05     0.2709141694997587      1.317171111624857                   0.01                   0.15      5.203416869872488                     25
                  2.075     0.2632127106988451      1.568722386149155                   0.01                   0.15      5.128356949821006                     25
                    2.1     0.2692579186706024      1.941160954846918                   0.01                   0.15      5.192778637436324                     25
                  2.125     0.2731246851435598      2.174321248456473                   0.01                   0.15      5.039959086565269                     25
                   2.15     0.2858654120821966      2.004143523471342                   0.01                   0.15      5.003731298812025                     25
                  2.175     0.2976674067469207      1.537295609073633                   0.01                   0.15      4.623197886718734                     25
                    2.2      0.275453866385046      1.398188173707744                   0.01                   0.15      4.734161433504147                     25
                  2.225     0.2424451322759371      1.163051130273327                   0.01                   0.15      5.204257345645233                     25
                   2.25     0.2311111684190044      1.359221849690444                   0.01                   0.15      5.112549470960179                     25
                  2.275     0.2388025638990143      1.373332276142871                   0.01                   0.15      4.751808272203047                     25
                    2.3     0.2903779150294446      1.352669435490589                   0.01                   0.15       4.74547500623391                     25
                  2.325     0.3439680167845101      1.218400188080771                   0.01                   0.15      5.192808403019399                     25
                   2.35     0.3901463936688331      1.266094421836437                   0.01                   0.15      5.188652499383664                     25
                  2.375     0.4069901238527319      1.435573371312443                   0.01                   0.15      5.062896139895999                     25
                    2.4     0.4261160040145504      1.736567015821498                   0.01                   0.15      5.076979989868543                     25
                  2.425     0.4104637889495125      1.835372278035318                   0.01                   0.15      4.675467689047777                     25
                   2.45     0.3814819195096322      2.045229191530301                   0.01                   0.15      5.077738271002344                     25
                  2.475     0.3710893947596889      1.516912499163336                   0.01                   0.15         5.109665915766                     25
                    2.5      0.375760586378149      1.272759773653529                   0.01                   0.15      4.952513920112104                     25
